2016-11-25 10:50:04 
